3 -68.1978
3.05128 -67.9308
3.10256 -67.6412
3.15385 -67.327
3.20513 -66.986
3.25641 -66.6157
3.30769 -66.2137
3.35897 -65.7769
3.41026 -65.3022
3.46154 -64.7864
3.51282 -64.2255
3.5641 -63.6156
3.61538 -62.9523
3.66667 -62.2307
3.71795 -61.4456
3.76923 -60.5914
3.82051 -59.6616
3.87179 -58.6496
3.92308 -57.548
3.97436 -56.3486
4.02564 -55.0427
4.07692 -53.6206
4.12821 -52.072
4.17949 -50.3854
4.23077 -48.5483
4.28205 -46.5472
4.33333 -44.3674
4.38462 -41.9928
4.4359 -39.4058
4.48718 -36.5872
4.53846 -33.5162
4.58974 -30.1702
4.64103 -26.5242
4.69231 -22.5513
4.74359 -18.222
4.79487 -13.5043
4.84615 -8.36315
4.89744 -2.76038
4.94872 3.34556
5 10
