3 -68.3657
3.05128 -68.0985
3.10256 -67.8087
3.15385 -67.4942
3.20513 -67.153
3.25641 -66.7824
3.30769 -66.38
3.35897 -65.9428
3.41026 -65.4677
3.46154 -64.9513
3.51282 -64.3898
3.5641 -63.7792
3.61538 -63.1151
3.66667 -62.3926
3.71795 -61.6065
3.76923 -60.7511
3.82051 -59.82
3.87179 -58.8065
3.92308 -57.7032
3.97436 -56.5019
4.02564 -55.1938
4.07692 -53.7694
4.12821 -52.218
4.17949 -50.5283
4.23077 -48.6878
4.28205 -46.6829
4.33333 -44.4988
4.38462 -42.1194
4.4359 -39.527
4.48718 -36.7024
4.53846 -33.6247
4.58974 -30.2711
4.64103 -26.6168
4.69231 -22.6345
4.74359 -18.2948
4.79487 -13.5655
4.84615 -8.4114
4.89744 -2.79423
4.94872 3.32774
5 10
